364 mvn-‚x

111111 1.158 Η11110111189,111,8 1111013414.. Enim
11111011111181101051.0011111110 11,137 1111111. 39
91311181110118) 11. 408 Hildebertus cenoman.
1111111111 1336 Η111111111141101111191111 1918.11111.11.84
11011801191111111011111 11111,1,1110191111 1. 1111119111 V de 810111
11 247 13391010111111111911Η11111111 11 138
Η 1.ν,711(11 os) 1. 531 1011111111 Μ1111111110- 11111111 11. 148
1111101111 1, 458 111111,176.Η111111 1111011111110111 1. 48, 71 ,
1111919ῑί 11110 11, 30 grassatores, idest, 810111 Hinguaran dUbbe 11111 n· ,
1111111ὶά11 l. Ι124 11, 67 11Ε1 n.g! 1. 311 ἓ
Η1111911111,ς9 11181111111 121.111.81 11111115 Ῑ, 114
1111111·1ι11101111101 111 1111111111 repletae.. 1111- Η111111 1334
1119111111. me 111111 1611111316) 111’81’111111”8 1116661911 111. H} ¹
Herkeley. 711111111εεὶ11 1111181, 1111 vocata 11 Hippomachiae Α·,.Ῑ 133
Η111,11111111111,.(1111)1. 3691111111111911119011111111111 1. 287
576 potentes 1111111111 2, 11111101 (111111 )Α, 1114
’1111101 111413 5101191191011011 1. Η119111111111011ΠΙ 341
1111118100 111 100150 , 11111011 1.444
‚ 1111111101 1349, 44 1116111111114119111110 11 111801111111 Α. 1. 86 ,
11111111, 1111111011 11111111 103 111 raviam. -Notes 11111
ducisN 011111. 1 169 Η111111110111·118111,1111 819178183811111 ’
111111111101 1. 301 11 Α. I. 187
11111111ηο1 Α1111111101 1111111119,16111811119181111111 (the Flower ff)
11. 334 Hidaquid 11301 11. 416 ·
1111110101 1111111110 Η1111100111Μ8811111181 1111111 1110, 11. 303
11. 131 119111, 148 Ηο810991 1, 413
1111111911 ’· 1533111111(Ρο110111) 118011011111111110111,111801
111110801191101111811111111911185111 1406 videtur, 1101111011111011
11110115 111. 39 111111.61.7111115111.113 ῑ
1111011101 1, 36 1111111111 1, 414 Hochnorthtonffloche-
111101001111 1170 11119111111111111 1.19 11111011,
110101 , 119911111015111911111101111 Hocktidt 8.,1191
Η1190011 111, ,39 1111111130110111111, 10, Η,0110111(60161)1 584,
11111 31911111141111Β11111015 585
111111111111,391. 11 388 11111, 1. 101 1106101 11, ,43
1111110111133, 101411 111110 0151111 regnum 11111 1. 510
111316116619913146111,ξ’ςξὲῃεοΖ Oblatumn 1’1’6610’6’ 11, 91¹13
ς97,398” y Hierusalem 11. 43 Ηο11011111 11. 34, 3138
1111011111 I. 396 111110111111(1)111)101 Ηο91Τ1101111) 1, 184
’ Heselb 11. 408 11110111811110111181- 110918011 11116
1111101 ’ Α,1,135 31111 “ 1.151Ηο9911 ’ 1488
1111111181, five 1101811111 111911101181101911,) ex 110110101811 0011011. 11,
111, 101 annalibus ejus Poly 332
111961110101111111 Α,1.111101110111011111337,1101111111Α1,1,93,198,,
11191111101111 1198 11ίέ6811661 11. 387 1109161111. 181, 140, 463, ’
1111110131 11, 38411191111110119. 11111111. 4834 86, 488 2
111111111191111010511101111391· ¹ 1101111 (1011) 1,3,18
1 111991111()0.)111180 311, 481, 484
1 348 1110 ,’1111111111111 1. 115 110111110111111) 1. 376
11101110101((10111)Α Η19111 1, 363 Ηο1111(8011.,,(11)1476
1139 1119111111 1, 396 111191111011 174

1111111190 ΙΙ, 94 Η111111 199 1101111 (Tho) 1.37.1 ,
1110011111 11 134 1111111. 1, 369 11. 383

’ 1111111111. 103,3130 ,134 111161 1811111111 111411101111111011111111 H.
11151019 · 1,313Η1111 1,411.11,130 410

10110 1

 

